13 0.4362980769230769 0.33533653846153844 0.06009615384615385 0.09495192307692307
5 0.46875 0.09975961538461539 0.06850961538461539 0.19831730769230768
6 0.6045673076923077 0.14423076923076922 0.07572115384615384 0.19831730769230768
12 0.7596153846153846 0.5444711538461539 0.057692307692307696 0.18629807692307693
11 0.65625 0.5444711538461539 0.078125 0.11778846153846154
10 0.29447115384615385 0.6634615384615384 0.13581730769230768 0.2091346153846154
9 0.7115384615384616 0.7668269230769231 0.0625 0.0829326923076923
8 0.5348557692307693 0.7355769230769231 0.12620192307692307 0.3389423076923077
4 0.5456730769230769 0.4411057692307692 0.11538461538461539 0.14423076923076922
3 0.7199519230769231 0.2776442307692308 0.09134615384615384 0.13701923076923078
2 0.38341346153846156 0.5 0.09735576923076923 0.171875
1 0.30649038461538464 0.109375 0.12620192307692307 0.13581730769230768