13 0.4483173076923077 0.08653846153846154 0.0889423076923077 0.0985576923076923
5 0.5504807692307693 0.09615384615384616 0.12379807692307693 0.19110576923076922
6 0.3918269230769231 0.3016826923076923 0.11658653846153846 0.13341346153846154
7 0.2512019230769231 0.06850961538461539 0.10576923076923077 0.13701923076923078
12 0.6141826923076923 0.23197115384615385 0.046875 0.18509615384615385
11 0.6586538461538461 0.5432692307692307 0.07932692307692307 0.11658653846153846
1 0.3161057692307692 0.11057692307692307 0.11298076923076923 0.13942307692307693
2 0.38221153846153844 0.5036057692307693 0.0985576923076923 0.18269230769230768
3 0.7439903846153846 0.5985576923076923 0.07572115384615384 0.17307692307692307
4 0.375 0.7896634615384616 0.11298076923076923 0.17067307692307693
8 0.5432692307692307 0.7956730769230769 0.18629807692307693 0.2548076923076923
9 0.6706730769230769 0.11538461538461539 0.051682692307692304 0.11298076923076923
10 0.5216346153846154 0.39903846153846156 0.12620192307692307 0.23197115384615385