13 0.29447115384615385 0.13581730769230768 0.055288461538461536 0.1201923076923077
5 0.5024038461538461 0.078125 0.13581730769230768 0.1346153846153846
6 0.6069711538461539 0.14423076923076922 0.07211538461538461 0.19230769230769232
12 0.7596153846153846 0.5456730769230769 0.052884615384615384 0.1875
11 0.3870192307692308 0.12620192307692307 0.0733173076923077 0.1141826923076923
9 0.47836538461538464 0.2668269230769231 0.06009615384615385 0.09134615384615384
8 0.4639423076923077 0.765625 0.18990384615384615 0.3137019230769231
3 0.36177884615384615 0.34134615384615385 0.09014423076923077 0.12259615384615384
2 0.38341346153846156 0.5048076923076923 0.09615384615384616 0.1658653846153846
1 0.6442307692307693 0.5913461538461539 0.10576923076923077 0.1971153846153846
4 0.5456730769230769 0.43990384615384615 0.11538461538461539 0.14423076923076922
10 0.29447115384615385 0.6622596153846154 0.13221153846153846 0.21153846153846154