13 0.2932692307692308 0.13341346153846154 0.057692307692307696 0.12860576923076922
5 0.5012019230769231 0.07932692307692307 0.13942307692307693 0.13701923076923078
6 0.6057692307692307 0.14302884615384615 0.07572115384615384 0.20432692307692307
12 0.7572115384615384 0.5408653846153846 0.056490384615384616 0.18269230769230768
10 0.6911057692307693 0.3161057692307692 0.12139423076923077 0.2247596153846154
4 0.546875 0.4375 0.11778846153846154 0.1466346153846154
8 0.46153846153846156 0.7620192307692307 0.1935096153846154 0.31490384615384615
1 0.6442307692307693 0.5925480769230769 0.11177884615384616 0.19591346153846154
2 0.38461538461538464 0.5036057692307693 0.10096153846153846 0.18028846153846154
3 0.36538461538461536 0.34134615384615385 0.09134615384615384 0.12740384615384615
9 0.47716346153846156 0.2692307692307692 0.04927884615384615 0.10216346153846154
11 0.38461538461538464 0.125 0.07451923076923077 0.1141826923076923