13 0.3016826923076923 0.3858173076923077 0.08533653846153846 0.12740384615384615
5 0.46875 0.09735576923076923 0.07211538461538461 0.19471153846153846
6 0.53125 0.22115384615384615 0.06850961538461539 0.19230769230769232
12 0.6129807692307693 0.23197115384615385 0.04447115384615385 0.18509615384615385
11 0.6550480769230769 0.5492788461538461 0.0829326923076923 0.13581730769230768
9 0.6730769230769231 0.11298076923076923 0.054086538461538464 0.10817307692307693
10 0.5216346153846154 0.39903846153846156 0.1201923076923077 0.23317307692307693
8 0.5444711538461539 0.7920673076923077 0.18629807692307693 0.24759615384615385
4 0.3762019230769231 0.7860576923076923 0.109375 0.18389423076923078
3 0.7439903846153846 0.5949519230769231 0.07572115384615384 0.19110576923076922
2 0.38461538461538464 0.5012019230769231 0.0985576923076923 0.17668269230769232
1 0.3088942307692308 0.11057692307692307 0.12860576923076922 0.140625