13 0.5300480769230769 0.04807692307692308 0.04567307692307692 0.09615384615384616
5 0.44711538461538464 0.22235576923076922 0.140625 0.15625
6 0.6069711538461539 0.14543269230769232 0.07451923076923077 0.19471153846153846
12 0.7584134615384616 0.5444711538461539 0.057692307692307696 0.19471153846153846
11 0.65625 0.546875 0.0829326923076923 0.11899038461538461
10 0.2980769230769231 0.6634615384615384 0.1346153846153846 0.20192307692307693
9 0.7115384615384616 0.7692307692307693 0.05889423076923077 0.09014423076923077
8 0.4639423076923077 0.7608173076923077 0.1935096153846154 0.3137019230769231
4 0.546875 0.4375 0.11899038461538461 0.16947115384615385
3 0.7199519230769231 0.2824519230769231 0.09615384615384616 0.14302884615384615
2 0.38341346153846156 0.4987980769230769 0.09615384615384616 0.17307692307692307
1 0.30649038461538464 0.2620192307692308 0.06971153846153846 0.23677884615384615