13 0.3016826923076923 0.38100961538461536 0.08533653846153846 0.11538461538461539
5 0.4675480769230769 0.09615384615384616 0.06490384615384616 0.19230769230769232
6 0.53125 0.22596153846153846 0.07211538461538461 0.1935096153846154
12 0.6129807692307693 0.23317307692307693 0.051682692307692304 0.1814903846153846
11 0.6574519230769231 0.5420673076923077 0.07932692307692307 0.11778846153846154
1 0.3076923076923077 0.11057692307692307 0.12860576923076922 0.14302884615384615
2 0.38341346153846156 0.5012019230769231 0.09254807692307693 0.1658653846153846
3 0.7451923076923077 0.5985576923076923 0.0733173076923077 0.17427884615384615
4 0.375 0.7884615384615384 0.109375 0.1658653846153846
8 0.5432692307692307 0.7932692307692307 0.18269230769230768 0.23798076923076922
9 0.6706730769230769 0.11298076923076923 0.04807692307692308 0.1045673076923077
10 0.2932692307692308 0.6646634615384616 0.1310096153846154 0.203125