13 0.4375 0.33774038461538464 0.06129807692307692 0.09375
5 0.4675480769230769 0.0985576923076923 0.07211538461538461 0.19591346153846154
6 0.3125 0.3076923076923077 0.08173076923076923 0.19591346153846154
12 0.7584134615384616 0.5480769230769231 0.054086538461538464 0.19110576923076922
11 0.65625 0.546875 0.0829326923076923 0.11538461538461539
1 0.3088942307692308 0.11057692307692307 0.12980769230769232 0.14302884615384615
2 0.38341346153846156 0.5024038461538461 0.09735576923076923 0.1778846153846154
3 0.7199519230769231 0.27884615384615385 0.09615384615384616 0.15745192307692307
4 0.5456730769230769 0.43990384615384615 0.1141826923076923 0.140625
8 0.5336538461538461 0.7355769230769231 0.12620192307692307 0.33413461538461536
9 0.7091346153846154 0.7620192307692307 0.05889423076923077 0.09014423076923077
10 0.2956730769230769 0.6646634615384616 0.1310096153846154 0.203125