13 0.4495192307692308 0.08413461538461539 0.08533653846153846 0.09495192307692307
5 0.5492788461538461 0.09615384615384616 0.12259615384615384 0.19230769230769232
6 0.3918269230769231 0.30288461538461536 0.11177884615384616 0.14423076923076922
4 0.3762019230769231 0.7884615384615384 0.109375 0.171875
3 0.7463942307692307 0.5949519230769231 0.07572115384615384 0.17548076923076922
2 0.38221153846153844 0.5024038461538461 0.109375 0.16826923076923078
1 0.6875 0.7463942307692307 0.0889423076923077 0.23197115384615385
12 0.6117788461538461 0.23317307692307693 0.051682692307692304 0.18389423076923078
11 0.6574519230769231 0.5444711538461539 0.07932692307692307 0.11778846153846154
10 0.5240384615384616 0.4014423076923077 0.12139423076923077 0.2439903846153846
9 0.6706730769230769 0.11298076923076923 0.056490384615384616 0.10576923076923077
8 0.5408653846153846 0.7932692307692307 0.18028846153846154 0.24639423076923078