13 0.4387019230769231 0.33052884615384615 0.06009615384615385 0.09375
5 0.4675480769230769 0.09735576923076923 0.06971153846153846 0.19471153846153846
6 0.5324519230769231 0.22596153846153846 0.07211538461538461 0.19831730769230768
12 0.6117788461538461 0.23076923076923078 0.04927884615384615 0.1935096153846154
11 0.65625 0.5456730769230769 0.08173076923076923 0.13221153846153846
10 0.2980769230769231 0.6598557692307693 0.13221153846153846 0.20192307692307693
9 0.7127403846153846 0.765625 0.05889423076923077 0.08774038461538461
8 0.5360576923076923 0.7391826923076923 0.12379807692307693 0.33413461538461536
4 0.546875 0.4387019230769231 0.1201923076923077 0.16466346153846154
3 0.7463942307692307 0.5973557692307693 0.07932692307692307 0.17668269230769232
2 0.38461538461538464 0.4987980769230769 0.09495192307692307 0.16706730769230768
1 0.3076923076923077 0.11177884615384616 0.12620192307692307 0.13942307692307693