13 0.4375 0.33533653846153844 0.056490384615384616 0.09254807692307693
5 0.4483173076923077 0.22115384615384615 0.13942307692307693 0.15504807692307693
6 0.6057692307692307 0.14543269230769232 0.07211538461538461 0.19831730769230768
12 0.7560096153846154 0.546875 0.06009615384615385 0.1935096153846154
11 0.6550480769230769 0.5480769230769231 0.078125 0.12139423076923077
10 0.2956730769230769 0.6658653846153846 0.12980769230769232 0.20552884615384615
9 0.7103365384615384 0.7680288461538461 0.05889423076923077 0.0829326923076923
8 0.5360576923076923 0.7379807692307693 0.12860576923076922 0.33533653846153844
4 0.5456730769230769 0.4411057692307692 0.11298076923076923 0.14903846153846154
3 0.7211538461538461 0.2764423076923077 0.09735576923076923 0.14423076923076922
2 0.3858173076923077 0.5024038461538461 0.09615384615384616 0.17668269230769232
1 0.30649038461538464 0.26802884615384615 0.06610576923076923 0.23918269230769232