13 0.5288461538461539 0.046875 0.05048076923076923 0.09254807692307693
5 0.47475961538461536 0.2620192307692308 0.06370192307692307 0.2548076923076923
6 0.6057692307692307 0.14423076923076922 0.06971153846153846 0.20072115384615385
12 0.7572115384615384 0.546875 0.055288461538461536 0.19110576923076922
11 0.38461538461538464 0.125 0.07451923076923077 0.11057692307692307
1 0.6442307692307693 0.5949519230769231 0.10697115384615384 0.19831730769230768
2 0.38221153846153844 0.5 0.09134615384615384 0.16826923076923078
3 0.7211538461538461 0.2800480769230769 0.09014423076923077 0.14423076923076922
4 0.546875 0.44350961538461536 0.1141826923076923 0.14423076923076922
8 0.4651442307692308 0.7644230769230769 0.18629807692307693 0.3161057692307692
9 0.7103365384615384 0.7668269230769231 0.057692307692307696 0.08653846153846154
10 0.29447115384615385 0.671875 0.1346153846153846 0.2091346153846154