13 0.5300480769230769 0.04927884615384615 0.04807692307692308 0.0985576923076923
5 0.4483173076923077 0.22115384615384615 0.14182692307692307 0.15865384615384615
6 0.6045673076923077 0.14543269230769232 0.0829326923076923 0.19591346153846154
12 0.7596153846153846 0.5444711538461539 0.054086538461538464 0.18870192307692307
11 0.65625 0.5456730769230769 0.07932692307692307 0.11658653846153846
1 0.3076923076923077 0.26802884615384615 0.06850961538461539 0.23677884615384615
2 0.3798076923076923 0.4951923076923077 0.0985576923076923 0.1778846153846154
3 0.7223557692307693 0.2800480769230769 0.09134615384615384 0.140625
4 0.546875 0.4411057692307692 0.11658653846153846 0.140625
8 0.5360576923076923 0.7379807692307693 0.12740384615384615 0.33413461538461536
9 0.7115384615384616 0.7668269230769231 0.057692307692307696 0.08774038461538461
10 0.296875 0.671875 0.12740384615384615 0.2127403846153846