13 0.4483173076923077 0.08653846153846154 0.08533653846153846 0.09375
5 0.5492788461538461 0.09495192307692307 0.12259615384615384 0.18990384615384615
6 0.39302884615384615 0.30288461538461536 0.11057692307692307 0.13701923076923078
8 0.5432692307692307 0.7932692307692307 0.18269230769230768 0.23798076923076922
9 0.6105769230769231 0.4098557692307692 0.04326923076923077 0.09134615384615384
10 0.5180288461538461 0.4050480769230769 0.12259615384615384 0.23677884615384615
11 0.65625 0.5444711538461539 0.07932692307692307 0.11778846153846154
12 0.6129807692307693 0.234375 0.04807692307692308 0.1778846153846154
1 0.6875 0.7463942307692307 0.0889423076923077 0.23076923076923078
2 0.38461538461538464 0.5024038461538461 0.0985576923076923 0.16706730769230768
3 0.7451923076923077 0.5973557692307693 0.07572115384615384 0.17307692307692307
4 0.375 0.7884615384615384 0.109375 0.16947115384615385