13 0.43990384615384615 0.3317307692307692 0.06009615384615385 0.09254807692307693
5 0.46875 0.09735576923076923 0.07091346153846154 0.19471153846153846
6 0.5300480769230769 0.2247596153846154 0.07572115384615384 0.1935096153846154
12 0.6117788461538461 0.23317307692307693 0.051682692307692304 0.1778846153846154
11 0.65625 0.5444711538461539 0.078125 0.11538461538461539
1 0.3076923076923077 0.11177884615384616 0.12860576923076922 0.15865384615384615
2 0.38221153846153844 0.5036057692307693 0.09495192307692307 0.16947115384615385
3 0.7451923076923077 0.5949519230769231 0.0733173076923077 0.17908653846153846
4 0.5456730769230769 0.44350961538461536 0.11658653846153846 0.14543269230769232
8 0.5336538461538461 0.7391826923076923 0.12980769230769232 0.33413461538461536
9 0.7115384615384616 0.7668269230769231 0.057692307692307696 0.08413461538461539
10 0.296875 0.6658653846153846 0.13221153846153846 0.20192307692307693