13 0.53125 0.046875 0.04807692307692308 0.09375
5 0.47596153846153844 0.25841346153846156 0.06129807692307692 0.25721153846153844
6 0.6057692307692307 0.1466346153846154 0.07572115384615384 0.20072115384615385
12 0.7572115384615384 0.5444711538461539 0.057692307692307696 0.18509615384615385
11 0.38461538461538464 0.12379807692307693 0.07451923076923077 0.1141826923076923
10 0.296875 0.6670673076923077 0.12860576923076922 0.2091346153846154
9 0.7127403846153846 0.7680288461538461 0.06009615384615385 0.0829326923076923
8 0.4651442307692308 0.7680288461538461 0.18629807692307693 0.3161057692307692
4 0.5480769230769231 0.4411057692307692 0.1141826923076923 0.14423076923076922
3 0.7211538461538461 0.2776442307692308 0.09254807692307693 0.14543269230769232
2 0.38461538461538464 0.5012019230769231 0.09495192307692307 0.1658653846153846
1 0.3076923076923077 0.26802884615384615 0.07211538461538461 0.23798076923076922