13 0.5264423076923077 0.04927884615384615 0.05048076923076923 0.09735576923076923
5 0.47475961538461536 0.25841346153846156 0.07091346153846154 0.25721153846153844
6 0.6045673076923077 0.14423076923076922 0.07451923076923077 0.19230769230769232
12 0.7572115384615384 0.5456730769230769 0.055288461538461536 0.18269230769230768
11 0.3858173076923077 0.12259615384615384 0.07572115384615384 0.11538461538461539
1 0.6442307692307693 0.59375 0.10817307692307693 0.21033653846153846
2 0.38461538461538464 0.4987980769230769 0.09254807692307693 0.17067307692307693
3 0.3629807692307692 0.3401442307692308 0.09014423076923077 0.125
4 0.546875 0.4423076923076923 0.1141826923076923 0.14302884615384615
8 0.46274038461538464 0.765625 0.18509615384615385 0.32211538461538464
9 0.7223557692307693 0.3161057692307692 0.04447115384615385 0.11538461538461539
10 0.2956730769230769 0.6706730769230769 0.1346153846153846 0.21153846153846154