13 0.4362980769230769 0.3317307692307692 0.056490384615384616 0.09615384615384616
5 0.46875 0.0985576923076923 0.06850961538461539 0.1971153846153846
6 0.6069711538461539 0.14543269230769232 0.07451923076923077 0.20432692307692307
12 0.7596153846153846 0.5444711538461539 0.06009615384615385 0.18629807692307693
11 0.6550480769230769 0.546875 0.08173076923076923 0.12980769230769232
1 0.3076923076923077 0.26802884615384615 0.06610576923076923 0.23918269230769232
3 0.7211538461538461 0.2764423076923077 0.09014423076923077 0.14543269230769232
2 0.38100961538461536 0.5 0.10216346153846154 0.17307692307692307
4 0.546875 0.44350961538461536 0.11538461538461539 0.14543269230769232
8 0.5360576923076923 0.7331730769230769 0.12259615384615384 0.3329326923076923
9 0.7115384615384616 0.765625 0.056490384615384616 0.08173076923076923
10 0.296875 0.6658653846153846 0.1310096153846154 0.2091346153846154