13 0.4375 0.33533653846153844 0.051682692307692304 0.10096153846153846
5 0.4699519230769231 0.09735576923076923 0.06971153846153846 0.1935096153846154
6 0.53125 0.22355769230769232 0.07572115384615384 0.1935096153846154
12 0.6117788461538461 0.23317307692307693 0.051682692307692304 0.1814903846153846
11 0.65625 0.546875 0.07932692307692307 0.11538461538461539
10 0.296875 0.6670673076923077 0.12620192307692307 0.20552884615384615
9 0.7115384615384616 0.7644230769230769 0.055288461538461536 0.07932692307692307
8 0.5360576923076923 0.7331730769230769 0.1310096153846154 0.32091346153846156
4 0.546875 0.4423076923076923 0.11658653846153846 0.16346153846153846
3 0.7211538461538461 0.2776442307692308 0.08774038461538461 0.14182692307692307
2 0.38461538461538464 0.5024038461538461 0.09615384615384616 0.16826923076923078
1 0.30649038461538464 0.10817307692307693 0.12620192307692307 0.14182692307692307